12 16
01 01 01 01 01 01 01 01 01 01 01 01 01 01 01 01 01
01 01 01 01 01 01 01 01 01 01 01 01 01 01 01 01 01
01 01 01 01 01 01 01 01 01 01 01 01 01 01 01 01 01
01 01 01 01 01 01 01 01 01 01 01 01 01 01 01 01 01
01 01 01 01 01 01 01 01 01 01 01 01 01 01 01 01 01
01 01 01 01 01 01 01 01 01 01 01 01 01 01 01 01 01
34 33 32 36 32 32 36 35 33 37 37 35 36 37 34 34 37
33 34 36 37 34 35 34 34 36 32 32 34 36 34 35 34 35
37 37 33 37 36 34 37 34 32 34 33 35 33 33 37 35 32
32 34 34 37 35 36 37 33 35 34 36 34 34 32 36 35 33
34 36 36 35 35 32 32 36 33 35 36 37 37 37 34 37 36
34 36 34 35 33 35 35 37 34 37 33 36 37 34 35 36 34
34 33 35 33 33 37 35 32 32 34 34 37 35 36 37 33 35