85 37
32 33 32 36 32 32 36 35 33 37 37 35 36 37 34 37 36 32 34 35 32 34 33 37 35 35 35 32 33 34 32 33 33 35 37 36 32
33 34 36 37 34 35 34 34 36 32 32 34 36 34 35 34 37 34 32 34 35 37 37 36 32 35 33 34 36 32 35 32 36 32 34 36 33
37 37 33 37 34 34 37 34 32 34 33 35 33 33 37 35 33 37 34 34 34 34 37 35 36 37 36 33 35 35 35 36 34 34 33 36 35
32 36 34 37 36 36 37 33 35 34 36 35 34 32 36 35 36 36 33 37 34 32 35 32 33 35 37 32 36 33 32 36 32 34 37 33 32
34 35 36 35 35 32 32 36 33 35 36 37 37 37 37 37 34 35 35 35 32 34 34 32 37 32 35 35 33 32 36 32 35 32 37 35 36
34 36 34 35 33 35 37 37 34 34 33 36 37 34 35 36 32 37 32 37 34 37 34 37 36 34 37 34 33 32 34 36 35 37 37 36 32
34 32 32 34 35 37 34 32 32 37 35 32 33 33 35 35 34 32 33 35 34 36 35 33 34 32 33 36 34 32 37 33 33 37 35 33 33
35 36 33 37 37 33 36 36 34 36 36 32 32 34 32 34 35 33 32 36 35 35 36 37 36 32 33 36 34 36 32 36 32 33 36 32 35
32 33 33 37 32 34 37 33 33 34 36 33 34 35 36 34 34 32 37 35 35 32 32 35 33 33 33 35 33 32 33 32 32 36 34 36 32
35 34 34 33 33 35 36 37 33 32 32 37 36 37 35 35 36 36 35 34 35 34 36 34 36 32 33 37 33 35 32 32 37 36 32 34 33
32 36 37 34 35 37 32 32 36 33 32 33 35 32 35 32 35 32 34 33 34 35 33 33 37 35 34 36 37 36 32 35 37 34 37 33 32
33 35 37 34 33 35 33 32 36 34 32 35 33 33 36 33 35 34 37 33 35 33 36 34 33 32 33 34 36 36 36 35 33 33 33 34 33
35 33 34 36 32 36 32 36 37 34 34 35 35 33 37 34 36 32 37 37 36 36 37 37 36 32 34 36 36 33 35 34 35 35 34 34 32
32 32 32 35 33 35 32 33 32 37 34 35 34 36 36 34 34 34 35 36 36 36 33 36 34 36 32 33 35 33 37 34 33 33 32 36 32
19 20 21 19 20 21 19 20 21 19 20 21 19 20 21 19 20 21 19 20 21 19 20 21 19 20 21 19 20 21 19 20 21 19 20 21 19
22 23 24 22 23 24 22 23 24 22 23 24 22 23 24 22 23 24 22 23 24 22 23 24 22 23 24 22 23 24 22 23 24 22 23 24 22
22 23 24 22 23 24 22 23 24 22 23 24 22 23 24 22 23 24 22 23 24 22 23 24 22 23 24 22 23 24 22 23 24 22 23 24 22
22 23 24 22 23 24 22 23 24 22 23 24 22 23 24 22 23 24 22 23 24 22 23 24 22 23 24 22 23 24 22 23 24 22 23 24 22
22 23 24 22 23 24 22 23 24 22 23 24 22 23 24 22 23 24 22 23 24 22 23 24 22 23 24 22 23 24 22 23 24 22 23 24 22
25 26 27 25 26 27 25 26 27 25 26 27 25 26 27 25 26 27 25 26 27 25 26 27 25 26 27 25 26 27 25 26 27 25 26 27 25
32 33 35 34 32 32 35 33 32 34 35 33 32 34 32 33 32 35 33 32 34 33 32 35 34 32 33 35 34 32 33 35 34 32 32 32 33
19 20 21 19 20 21 19 20 21 19 20 21 19 20 21 19 20 21 19 20 21 19 20 21 19 20 21 19 20 21 19 20 21 19 20 21 19
22 23 24 22 23 24 22 23 24 22 23 24 22 23 24 22 23 24 22 23 24 22 23 24 22 23 24 22 23 24 22 23 24 22 23 24 22
22 23 24 22 23 24 22 23 24 22 23 24 22 23 24 22 23 24 22 23 24 22 23 24 22 23 24 22 23 24 22 23 24 22 23 24 22
22 23 24 22 23 24 22 23 24 22 23 24 22 23 24 22 23 24 22 23 24 22 23 24 22 23 24 22 23 24 22 23 24 22 23 24 22
22 23 24 22 23 24 22 23 24 22 23 24 22 23 24 22 23 24 22 23 24 22 23 24 22 23 24 22 23 24 22 23 24 22 23 24 22
25 26 27 25 26 27 25 26 27 25 26 27 25 26 27 25 26 27 25 26 27 25 26 27 25 26 27 25 26 27 25 26 27 25 26 27 25
32 33 32 35 34 32 36 33 35 34 32 32 35 33 36 34 32 32 35 34 36 33 32 32 35 34 32 36 33 34 35 32 36 33 34 35 32
32 37 35 33 36 32 35 32 34 36 37 32 35 34 36 33 37 35 34 36 32 33 37 34 35 36 32 34 37 35 33 36 34 37 35 32 37
28 30 28 30 28 30 28 30 28 30 28 30 28 30 28 30 28 30 28 30 28 30 28 30 28 30 28 30 28 30 28 30 28 30 28 30 28
29 31 29 31 29 31 29 31 29 31 29 31 29 31 29 31 29 31 29 31 29 31 29 31 29 31 29 31 29 31 29 31 29 31 29 31 29
32 33 35 34 32 32 35 33 32 34 35 33 32 34 32 33 32 35 33 32 34 33 32 35 34 32 33 35 34 32 33 35 34 32 32 32 33
32 33 33 37 32 34 37 33 33 34 36 33 34 35 36 34 34 32 37 35 35 32 32 35 33 33 33 35 33 32 33 32 32 36 34 36 32
32 36 36 32 35 32 35 36 32 36 32 35 32 36 36 32 35 32 36 32 36 35 36 32 35 32 36 36 35 32 35 36 36 32 36 35 32
38 40 39 40 38 40 40 39 38 39 40 38 40 39 38 39 38 40 38 39 38 39 38 40 38 39 38 40 38 40 39 39 38 40 39 40 38
10 10 10 10 10 10 10 10 10 10 10 10 10 10 10 10 10 10 10 10 10 10 10 10 10 10 10 10 10 10 10 10 10 10 10 10 10
10 10 10 10 10 10 10 10 10 10 10 10 10 10 10 10 10 10 10 10 10 10 10 10 10 10 10 10 10 10 10 10 10 10 10 10 10
10 10 10 10 10 10 10 10 10 10 10 10 10 10 10 10 10 10 10 10 10 10 10 10 10 10 10 10 10 10 10 10 10 10 10 10 10
10 10 10 10 10 10 10 10 10 10 10 10 10 10 10 10 10 10 10 10 10 10 10 10 10 10 10 10 10 10 10 10 10 10 10 10 10
10 10 10 10 10 10 10 10 10 10 10 10 10 10 10 10 10 10 10 10 10 10 10 10 10 10 10 10 10 10 10 10 10 10 10 10 10
10 10 10 10 10 10 10 10 10 10 10 10 10 10 10 10 10 10 10 10 10 10 10 10 10 10 10 10 10 10 10 10 10 10 10 10 10
10 10 10 10 10 10 10 10 10 10 10 10 10 10 10 10 10 10 10 10 10 10 10 10 10 10 10 10 10 10 10 10 10 10 10 10 10
10 10 10 10 10 10 10 10 10 10 10 10 10 10 10 10 10 10 10 10 10 10 10 10 10 10 10 10 10 10 10 10 10 10 10 10 10
10 10 10 10 10 10 10 10 10 10 10 10 10 10 10 10 10 10 10 10 10 10 10 10 10 10 10 10 10 10 10 10 10 10 10 10 10
10 10 10 10 10 10 10 10 10 10 10 10 10 10 10 10 10 10 10 10 10 10 10 10 10 10 10 10 10 10 10 10 10 10 10 10 10
10 10 10 10 10 10 10 10 10 10 10 10 10 10 10 10 10 10 10 10 10 10 10 10 10 10 10 10 10 10 10 10 10 10 10 10 10
10 10 10 10 10 10 10 10 10 10 10 10 10 10 10 10 10 10 10 10 10 10 10 10 10 10 10 10 10 10 10 10 10 10 10 10 10
32 35 32 35 36 32 36 32 35 32 35 32 32 36 32 35 35 36 32 36 32 35 32 35 32 36 32 35 32 35 32 36 32 36 35 36 32
41 42 35 43 42 43 41 43 42 42 36 43 41 42 41 42 43 41 32 41 43 42 42 36 41 43 41 43 43 41 35 41 41 42 41 37 41
42 43 41 42 41 32 43 42 41 41 43 42 42 32 43 42 37 43 43 42 42 43 43 41 43 42 32 42 42 43 42 41 43 41 43 42 43
32 37 35 35 36 32 35 32 36 36 37 32 35 36 36 35 37 35 36 36 32 35 37 36 35 36 32 36 37 35 35 36 36 37 35 32 37
19 20 21 19 20 21 19 20 21 19 20 21 19 20 21 19 20 21 19 20 21 19 20 21 19 20 21 19 20 21 19 20 21 19 20 21 19
22 23 24 22 23 24 22 23 24 22 23 24 22 23 24 22 23 24 22 23 24 22 23 24 22 23 24 22 23 24 22 23 24 22 23 24 22
22 23 24 22 23 24 22 23 24 22 23 24 22 23 24 22 23 24 22 23 24 22 23 24 22 23 24 22 23 24 22 23 24 22 23 24 22
22 23 24 22 23 24 22 23 24 22 23 24 22 23 24 22 23 24 22 23 24 22 23 24 22 23 24 22 23 24 22 23 24 22 23 24 22
22 23 24 22 23 24 22 23 24 22 23 24 22 23 24 22 23 24 22 23 24 22 23 24 22 23 24 22 23 24 22 23 24 22 23 24 22
22 23 24 22 23 24 22 23 24 22 23 24 22 23 24 22 23 24 22 23 24 22 23 24 22 23 24 22 23 24 22 23 24 22 23 24 22
22 23 24 22 23 24 22 23 24 22 23 24 22 23 24 22 23 24 22 23 24 22 23 24 22 23 24 22 23 24 22 23 24 22 23 24 22
25 26 27 25 26 27 25 26 27 25 26 27 25 26 27 25 26 27 25 26 27 25 26 27 25 26 27 25 26 27 25 26 27 25 26 27 25
32 35 36 34 37 33 32 36 32 32 37 36 33 35 32 36 34 32 34 33 36 37 32 36 35 32 34 32 37 36 33 34 35 32 36 37 32
32 36 37 34 35 37 32 32 36 33 32 33 35 32 35 32 35 32 34 33 34 35 33 33 37 35 34 36 37 36 32 35 37 34 37 33 32
32 33 35 34 32 32 35 33 32 34 35 33 32 34 32 33 32 35 33 32 34 33 32 35 34 32 33 35 34 32 33 35 34 32 32 32 33
38 39 40 38 40 38 39 39 38 40 39 38 40 39 38 38 40 39 38 38 39 39 40 38 39 39 40 38 39 39 40 38 40 38 40 39 38
01 01 01 01 01 01 01 01 01 01 01 01 01 01 01 01 01 01 01 01 01 01 01 01 01 01 01 01 01 01 01 01 01 01 01 01 01
01 01 01 01 01 01 01 01 01 01 01 01 01 01 01 01 01 01 01 01 01 01 01 01 01 01 01 01 01 01 01 01 01 01 01 01 01
01 01 01 01 01 01 01 01 01 01 01 01 01 01 01 01 01 01 01 01 01 01 01 01 01 01 01 01 01 01 01 01 01 01 01 01 01
01 01 01 01 01 01 01 01 01 01 01 01 01 01 01 01 01 01 01 01 01 01 01 01 01 01 01 01 01 01 01 01 01 01 01 01 01
01 01 01 01 01 01 01 01 01 01 01 01 01 01 01 01 01 01 01 01 01 01 01 01 01 01 01 01 01 01 01 01 01 01 01 01 01
01 01 01 01 01 01 01 01 01 01 01 01 01 01 01 01 01 01 01 01 01 01 01 01 01 01 01 01 01 01 01 01 01 01 01 01 01
01 01 01 01 01 01 01 01 01 01 01 01 01 01 01 01 01 01 01 01 01 01 01 01 01 01 01 01 01 01 01 01 01 01 01 01 01
01 01 01 01 01 01 01 01 01 01 01 01 01 01 01 01 01 01 01 01 01 01 01 01 01 01 01 01 01 01 01 01 01 01 01 01 01
32 33 32 36 32 32 36 35 33 37 37 35 36 37 34 37 36 32 34 35 32 34 33 37 35 35 35 32 33 34 32 33 33 35 37 36 32
33 34 36 37 34 35 34 34 36 32 32 34 36 34 35 34 37 34 32 34 35 37 37 36 32 35 33 34 36 32 35 32 36 32 34 36 33
37 37 33 37 34 34 37 34 32 34 33 35 33 33 37 35 33 37 34 34 34 34 37 35 36 37 36 33 35 35 35 36 34 34 33 36 35
32 36 34 37 36 36 37 33 35 34 36 35 34 32 36 35 36 36 33 37 34 32 35 32 33 35 37 32 36 33 32 36 32 34 37 33 32
34 35 36 35 35 32 32 36 33 35 36 37 37 37 37 37 34 35 35 35 32 34 34 32 37 32 35 35 33 32 36 32 35 32 37 35 36
34 36 34 35 33 35 37 37 34 34 33 36 37 34 35 36 32 37 32 37 34 37 34 37 36 34 37 34 33 32 34 36 35 37 37 36 32
34 32 32 34 35 37 34 32 32 37 35 32 33 33 35 35 34 32 33 35 34 36 35 33 34 32 33 36 34 32 37 33 33 37 35 33 33
35 36 33 37 37 33 36 36 34 36 36 32 32 34 32 34 35 33 32 36 35 35 36 37 36 32 33 36 34 36 32 36 32 33 36 32 35
32 33 33 37 32 34 37 33 33 34 36 33 34 35 36 34 34 32 37 35 35 32 32 35 33 33 33 35 33 32 33 32 32 36 34 36 32
35 34 34 33 33 35 36 37 33 32 32 37 36 37 35 35 36 36 35 34 35 34 36 34 36 32 33 37 33 35 32 32 37 36 32 34 33
32 36 37 34 35 37 32 32 36 33 32 33 35 32 35 32 35 32 34 33 34 35 33 33 37 35 34 36 37 36 32 35 37 34 37 33 32
33 35 37 34 33 35 33 32 36 34 32 35 33 33 36 33 35 34 37 33 35 33 36 34 33 32 33 34 36 36 36 35 33 33 33 34 33
35 33 34 36 32 36 32 36 37 34 34 35 35 33 37 34 36 32 37 37 36 36 37 37 36 32 34 36 36 33 35 34 35 35 34 34 32
32 32 32 35 33 35 32 33 32 37 34 35 34 36 36 34 34 34 35 36 36 36 33 36 34 36 32 33 35 33 37 34 33 33 32 36 32