12 16
33 32 36 35 35 36 37 36 32 33 36 34 36 32 36 32 33
32 37 35 35 32 32 35 33 33 33 35 33 32 33 32 32 36
38 40 39 40 38 40 40 39 38 39 40 38 40 39 38 39 38
10 10 10 10 10 10 10 10 10 10 10 10 10 10 10 10 10
10 10 10 10 10 10 10 10 10 10 10 10 10 10 10 10 10
10 10 10 10 10 10 10 10 10 10 10 10 10 10 10 10 10
10 10 10 10 10 10 10 10 10 10 10 10 10 10 10 10 10
10 10 10 10 10 10 10 10 10 10 10 10 10 10 10 10 10
10 10 10 10 10 10 10 10 10 10 10 10 10 10 10 10 10
35 36 33 37 37 33 36 36 34 36 36 32 32 34 32 34 35
32 33 33 37 32 34 37 33 33 34 36 33 34 35 36 34 34
35 34 34 33 33 35 36 37 33 32 32 37 36 37 35 35 36