85 37
00 00 00 00 00 00 00 00 00 00 00 00 00 00 00 00 00 00 00 00 00 00 00 00 00 54 00 00 00 00 00 00 00 00 00 00 00
00 00 00 00 55 00 00 00 00 54 00 00 00 55 00 00 00 00 00 00 00 00 00 00 00 52 00 00 00 00 56 00 00 00 00 00 00
00 00 54 00 00 00 00 00 00 52 00 00 00 00 00 00 00 00 00 00 54 00 00 00 00 00 00 00 00 00 00 00 00 00 54 00 00
00 00 52 00 00 00 00 00 00 00 00 00 00 00 00 54 00 00 00 00 52 00 00 00 00 00 00 00 55 00 00 00 00 00 53 00 00
00 00 00 00 00 00 55 00 00 00 00 00 56 00 00 53 00 00 00 00 00 00 00 00 00 00 00 00 00 00 00 56 00 00 00 00 00
00 55 00 00 00 00 00 54 00 00 00 00 00 54 00 00 00 00 00 00 00 00 00 00 00 54 00 00 00 00 00 00 54 00 00 00 00
00 00 00 00 00 56 00 53 00 00 00 00 00 52 00 00 00 00 00 00 56 00 00 00 00 53 00 55 00 00 00 00 52 00 00 00 00
00 00 54 00 00 00 00 00 00 55 00 00 00 00 00 56 00 00 00 00 00 00 00 00 00 00 00 00 00 00 00 00 00 00 54 00 00
00 00 53 00 00 00 00 00 00 00 00 00 00 00 00 00 00 00 00 00 00 00 54 00 00 00 00 00 00 00 00 00 00 00 52 00 00
55 00 00 00 00 00 54 00 00 00 00 00 00 00 00 00 00 00 00 00 00 00 53 00 00 00 00 00 54 00 00 00 00 00 00 00 00
00 00 00 00 00 00 52 00 00 00 00 00 00 00 00 00 00 00 00 00 00 00 00 00 00 00 00 00 53 00 00 00 00 55 00 00 00
00 00 54 00 00 00 00 00 00 56 00 00 54 00 00 00 00 00 00 00 55 00 00 00 00 00 54 00 00 00 00 00 00 00 00 00 00
00 00 52 00 00 00 00 00 00 00 00 00 53 00 00 00 00 00 00 00 00 00 00 00 00 00 53 00 00 00 00 55 00 00 00 00 00
00 00 00 00 00 00 00 00 00 00 00 00 00 00 00 00 00 00 00 00 00 00 00 00 00 00 00 00 00 00 00 00 00 00 00 00 00
00 00 00 00 00 00 00 00 00 00 00 00 00 00 00 00 00 00 00 00 00 00 00 00 00 00 00 00 00 00 00 00 00 00 00 00 00
00 00 00 00 00 00 00 00 00 00 00 00 00 00 00 00 00 00 00 00 00 00 00 00 00 00 00 00 00 00 00 00 00 00 00 00 00
00 00 00 00 00 00 00 00 00 00 00 00 00 00 00 00 00 00 00 00 00 00 00 00 00 00 00 00 00 00 00 00 00 00 00 00 00
00 00 00 00 00 00 00 00 00 00 00 00 00 00 00 00 00 00 00 00 00 00 00 00 00 00 00 00 00 00 00 00 00 00 00 00 00
00 00 00 00 00 00 00 00 00 00 00 00 00 00 00 00 00 00 00 00 00 00 00 00 00 00 00 00 00 00 00 00 00 00 00 00 00
00 00 00 54 00 00 00 00 00 54 00 00 00 00 00 54 00 00 00 00 00 54 00 00 00 00 00 54 00 00 00 00 00 54 00 00 00
00 00 00 53 00 00 00 00 00 52 00 00 00 00 00 53 00 00 00 00 00 52 00 00 00 00 00 53 00 00 00 00 00 52 00 00 00
00 00 00 00 00 00 00 00 00 00 00 00 00 00 00 00 00 00 00 00 00 00 00 00 00 00 00 00 00 00 00 00 00 00 00 00 00
00 00 00 00 00 00 00 00 00 00 00 00 00 00 00 00 00 00 00 00 00 00 00 00 00 00 00 00 00 00 00 00 00 00 00 00 00
00 00 00 00 00 00 00 00 00 00 00 00 00 00 00 00 00 00 00 00 00 00 00 00 00 00 00 00 00 00 00 00 00 00 00 00 00
00 00 00 00 00 00 00 00 00 00 00 00 00 00 00 00 00 00 00 00 00 00 00 00 00 00 00 00 00 00 00 00 00 00 00 00 00
00 00 00 00 00 00 00 00 00 00 00 00 00 00 00 00 00 00 00 00 00 00 00 00 00 00 00 00 00 00 00 00 00 00 00 00 00
00 00 00 00 00 00 00 00 00 00 00 00 00 00 00 00 00 00 00 00 00 00 00 00 00 00 00 00 00 00 00 00 00 00 00 00 00
00 00 00 00 00 00 00 00 00 00 00 00 00 00 00 00 00 00 00 00 00 00 00 00 00 00 00 00 00 00 00 00 00 00 00 00 00
00 00 00 00 00 00 00 00 00 00 00 00 00 00 00 00 00 00 00 00 00 00 00 00 00 00 00 00 00 00 00 00 00 00 00 00 00
00 00 00 00 00 00 00 00 00 00 00 00 00 00 00 00 00 00 00 00 00 00 00 00 00 00 00 00 00 00 00 00 00 00 00 00 00
00 00 00 00 00 00 00 00 00 00 00 00 00 00 00 00 00 00 00 00 00 00 00 00 00 00 00 00 00 00 00 00 00 00 00 00 00
00 00 00 00 00 00 00 00 00 00 00 00 00 00 00 00 00 00 00 00 00 00 00 00 00 00 00 00 00 00 00 00 00 00 00 00 00
44 44 44 45 44 44 44 45 44 44 44 44 45 44 44 44 44 44 45 44 44 44 44 44 45 44 44 44 44 45 44 44 44 45 44 44 44
00 00 00 00 00 00 00 00 00 00 00 00 00 00 00 00 00 00 00 00 00 00 00 00 00 00 00 00 00 00 00 00 00 00 00 00 00
00 00 00 00 00 00 00 00 00 00 00 00 00 00 00 00 00 00 00 00 00 00 00 00 00 00 00 00 00 00 00 00 00 00 00 00 00
00 00 00 00 00 00 00 00 00 00 00 00 00 00 00 00 00 00 00 00 00 00 00 00 00 00 00 00 00 00 00 00 00 00 00 00 00
00 00 00 00 00 00 00 00 00 00 00 00 00 00 00 00 00 00 00 00 00 00 00 00 00 00 00 00 00 00 00 00 00 00 00 00 00
00 00 00 00 00 00 00 00 00 00 00 00 00 00 00 00 00 00 00 00 00 00 00 00 00 00 00 00 00 00 00 00 00 00 00 00 00
00 00 00 00 00 00 00 00 00 00 00 00 00 00 00 00 00 00 00 00 00 00 00 00 00 00 00 00 00 00 00 00 00 00 00 00 00
00 00 00 00 00 00 00 00 00 00 00 00 00 00 00 00 00 00 00 00 00 00 00 00 00 00 00 00 00 00 00 00 00 00 00 00 00
00 00 00 00 00 00 00 00 00 00 00 00 00 00 00 00 00 00 00 00 00 00 00 00 00 00 00 00 00 00 00 00 00 00 00 00 00
00 00 00 00 00 00 00 00 00 00 00 00 00 00 00 00 00 00 00 00 00 00 00 00 00 00 00 00 00 00 00 00 00 00 00 00 00
00 00 00 00 00 00 00 00 00 00 00 00 00 00 00 00 00 00 00 00 00 00 00 00 00 00 00 00 00 00 00 00 00 00 00 00 00
00 00 00 00 00 00 00 00 00 00 00 00 00 00 00 00 00 00 00 00 00 00 00 00 00 00 00 00 00 00 00 00 00 00 00 00 00
00 00 00 00 00 00 00 00 00 00 00 00 00 00 00 00 00 00 00 00 00 00 00 00 00 00 00 00 00 00 00 00 00 00 00 00 00
00 00 00 00 00 00 00 00 00 00 00 00 00 00 00 00 00 00 00 00 00 00 00 00 00 00 00 00 00 00 00 00 00 00 00 00 00
00 00 00 00 00 00 00 00 00 00 00 00 00 00 00 00 00 00 00 00 00 00 00 00 00 00 00 00 00 00 00 00 00 00 00 00 00
00 00 00 00 00 00 00 00 00 00 00 00 00 00 00 00 00 00 00 00 00 00 00 00 00 00 00 00 00 00 00 00 00 00 00 00 00
00 00 00 00 00 00 00 00 00 00 00 00 00 00 00 00 00 00 00 00 00 00 00 00 00 00 00 00 00 00 00 00 00 00 00 00 00
00 00 00 00 00 00 00 00 00 00 00 00 00 00 00 00 00 00 00 00 00 00 00 00 00 00 00 00 00 00 00 00 00 00 00 00 00
00 00 00 00 00 00 00 00 00 00 00 00 00 00 00 00 00 00 00 00 00 00 00 00 00 00 00 00 00 00 00 00 00 00 00 00 00
00 00 00 00 00 00 00 00 00 00 00 00 00 00 00 00 00 00 00 00 00 00 00 00 00 00 00 00 00 00 00 00 00 00 00 00 00
00 00 00 00 00 00 00 00 00 00 00 00 00 00 00 00 00 00 00 00 00 00 00 00 00 00 00 00 00 00 00 00 00 00 00 00 00
00 00 00 00 00 00 00 00 00 00 00 00 00 00 00 00 00 00 00 00 00 00 00 00 00 00 00 00 00 00 00 00 00 00 00 00 00
00 00 00 00 00 00 00 00 00 00 00 00 00 00 00 00 00 00 00 00 00 00 00 00 00 00 00 00 00 00 00 00 00 00 00 00 00
00 00 00 00 00 00 00 00 00 00 00 00 00 00 00 00 00 00 00 00 00 00 00 00 00 00 00 00 00 00 00 00 00 00 00 00 00
00 00 00 00 00 00 00 00 00 00 00 00 00 00 00 00 00 00 00 00 00 00 00 00 00 00 00 00 00 00 00 00 00 00 00 00 00
00 00 00 00 00 00 00 00 00 00 00 00 00 00 00 00 00 00 00 00 00 00 00 00 00 00 00 00 00 00 00 00 00 00 00 00 00
00 00 00 00 00 00 00 00 00 00 00 00 00 00 00 00 00 00 00 00 00 00 00 00 00 00 00 00 00 00 00 00 00 00 00 00 00
00 00 00 00 00 00 00 00 00 00 00 00 00 00 00 00 00 00 00 00 00 00 00 00 00 00 00 00 00 00 00 00 00 00 00 00 00
49 46 49 51 47 46 48 51 49 47 46 47 51 48 46 48 46 47 51 48 46 46 46 47 51 49 50 48 46 51 50 46 48 51 50 46 47
00 00 00 00 00 00 00 00 00 00 00 00 00 00 00 00 00 00 00 00 00 00 00 00 00 00 00 00 00 00 00 00 00 00 00 00 00
00 00 00 00 00 00 00 00 00 00 00 00 00 00 00 00 00 00 00 00 00 00 00 00 00 00 00 00 00 00 00 00 00 00 00 00 00
00 00 00 00 00 00 00 00 00 00 00 00 00 00 00 00 00 00 00 00 00 00 00 00 00 00 00 00 00 00 00 00 00 00 00 00 00
00 00 00 00 00 00 00 00 00 00 00 00 00 00 00 00 00 00 00 00 00 00 00 00 00 00 00 00 00 00 00 00 00 00 00 00 00
00 00 00 00 00 00 00 00 00 00 00 00 00 00 00 00 00 00 00 00 00 00 00 00 00 00 00 00 00 00 00 00 00 00 00 00 00
00 00 00 00 00 00 00 00 00 00 00 00 00 00 00 00 00 00 00 00 00 00 00 00 00 00 00 00 00 00 00 00 00 00 00 00 00
00 00 00 00 00 00 00 00 00 00 00 00 00 00 00 00 00 00 00 00 00 00 00 00 00 00 00 00 00 00 00 00 00 00 00 00 00
00 00 00 00 00 00 00 00 00 00 00 00 00 00 00 00 00 00 00 00 00 00 00 00 00 00 00 00 00 00 00 00 00 00 00 00 00
00 00 00 00 00 00 00 00 00 00 00 00 00 00 00 00 00 00 00 00 00 00 00 00 00 00 00 00 00 00 00 00 00 00 00 00 00
00 00 00 00 00 00 00 54 00 00 00 00 00 54 00 00 00 00 00 00 00 00 00 00 00 54 00 00 00 00 00 00 54 00 00 00 00
00 00 00 00 00 56 00 53 00 00 00 00 00 52 00 00 00 00 00 00 56 00 00 00 00 53 00 55 00 00 00 00 52 00 00 00 00
00 00 54 00 00 00 00 00 00 55 00 00 00 00 00 56 00 00 00 00 00 00 00 00 00 00 00 00 00 00 00 00 00 00 54 00 00
00 00 53 00 00 00 00 00 00 00 00 00 00 00 00 00 00 00 00 00 00 00 54 00 00 00 00 00 00 00 00 00 00 00 52 00 00
00 00 00 00 00 00 54 00 00 00 00 00 00 00 00 00 00 00 00 00 00 00 53 00 00 00 00 00 54 00 00 00 00 00 00 00 00
00 00 00 00 00 00 52 00 00 00 00 00 00 00 00 00 00 00 00 00 00 00 00 00 00 00 00 00 53 00 00 00 00 00 00 00 00
00 00 00 00 00 00 00 00 00 56 00 00 54 00 00 00 00 00 00 00 55 00 00 00 00 00 00 00 00 00 00 00 00 00 00 00 00
00 00 00 00 00 00 00 00 00 00 00 00 53 00 00 00 00 00 00 00 00 00 00 00 00 00 00 00 00 00 00 55 00 00 00 00 00
00 00 00 00 55 00 00 00 00 00 00 00 00 00 00 00 56 00 00 00 00 00 00 00 00 00 00 00 00 00 00 00 00 00 56 00 00
00 00 00 00 00 00 00 00 00 00 00 00 00 00 00 00 00 00 00 00 00 00 00 00 00 54 00 00 00 00 00 00 00 00 00 00 00
00 00 00 00 00 00 00 00 00 54 00 00 00 00 00 00 00 00 00 00 00 00 00 00 00 52 00 00 00 00 56 00 00 00 00 00 00
00 00 54 00 00 00 00 00 00 52 00 00 00 00 00 00 00 00 00 00 54 00 00 00 00 00 00 00 00 00 00 00 00 00 54 00 00
00 00 52 00 00 00 00 00 00 00 00 00 00 00 00 54 00 00 00 00 52 00 00 00 00 00 00 00 55 00 00 00 00 00 53 00 00
00 00 00 00 00 00 55 00 00 00 00 00 56 00 00 53 00 00 00 00 00 00 00 00 00 00 00 00 00 00 00 56 00 00 00 00 00
00 00 00 00 00 00 00 00 00 00 00 00 00 00 00 00 00 00 00 00 00 00 00 00 00 00 00 00 00 00 00 00 00 00 00 00 00