12 16
32 37 35 33 36 32 35 32 34 36 37 32 35 34 36 33
28 30 28 30 28 30 28 30 28 30 28 30 28 30 28 30
29 31 29 31 29 31 29 31 29 31 29 31 29 31 29 31
32 33 35 34 32 32 35 33 32 34 35 33 32 34 32 33
19 20 21 19 20 21 19 20 21 19 20 21 19 20 21 19
22 23 24 22 23 24 22 23 24 22 23 24 22 23 24 22
22 23 24 22 23 24 22 23 24 22 23 24 22 23 24 22
22 23 24 22 23 24 22 23 24 22 23 24 22 23 24 22
22 23 24 22 23 24 22 23 24 22 23 24 22 23 24 22
22 23 24 22 23 24 22 23 24 22 23 24 22 23 24 22
25 26 27 25 26 27 25 26 27 25 26 27 25 26 27 25
32 33 32 35 34 32 36 33 35 34 32 32 35 33 36 34
32 33 35 34 32 32 35 33 32 34 35 33 32 34 32 33